100.19
      8      9      10     11     12     13     14     15     16     
BDCA  100.19 270.20 258.84 247.47 236.11 310.37 328.93 347.49 308.18 
ACDB  140.35 100.19 208.40 221.93 235.46 248.98 262.51 276.04 289.56 
CBDA  132.45 163.97 128.01 100.19 129.27 135.09 140.91 146.72 80.27  
CDBA  191.68 137.27 156.46 100.19 153.58 162.47 171.37 180.27 189.17 
ADBC  94.06  87.93  81.79  115.53 120.35 125.17 129.99 134.81 139.63 
ACBD  190.50 130.50 159.53 138.42 170.59 155.16 142.32 154.83 102.61 
DBAC  112.45 138.67 179.57 100.19 115.68 119.55 123.42 66.67  182.44 
BCAD  95.33  90.47  85.62  80.76  75.90  71.04  66.18  61.33  56.47  
CDAB  84.06  67.92  51.79  117.51 130.65 143.80 156.94 130.06 103.18 
BACD  92.51  84.83  77.15  69.47  140.28 157.98 175.69 112.95 211.03 
CBAD  98.39  96.60  94.80  93.01  91.21  96.68  98.05  99.42  87.68  
CADB  185.91 142.55 144.41 165.45 100.19 131.52 129.76 128.00 126.24 
