104.75
      8      9      10     11     12     13     14     15     16     
CDBA  134.87 166.00 201.73 131.86 125.27 134.86 185.85 185.80 195.95 
BACD  151.11 195.96 144.21 199.24 104.75 218.57 212.42 206.28 200.13 
DCAB  104.75 211.52 223.38 235.24 247.10 258.97 270.83 282.69 294.56 
ABCD  100.05 95.35  90.65  85.95  81.25  76.55  71.85  67.14  62.44  
CDAB  179.70 104.75 162.54 176.98 191.43 187.26 183.08 178.91 174.74 
BDCA  86.73  102.26 106.15 110.03 76.84  147.93 165.70 183.47 112.15 
ACDB  99.66  94.56  89.47  84.38  79.28  107.85 113.57 119.28 124.99 
CBDA  180.14 104.75 177.65 189.80 201.94 214.09 226.24 121.74 250.59 
DACB  204.25 167.44 170.29 125.58 104.75 179.24 194.14 209.04 223.93 
CABD  142.69 104.75 180.01 177.67 175.33 172.99 170.65 411.42 314.69 
DBCA  100.56 96.38  92.19  128.20 114.40 100.59 86.79  101.96 97.29  
ADBC  100.21 95.66  91.12  86.58  82.03  77.49  72.95  68.40  63.86  
BDAC  82.83  60.91  73.29  76.38  79.48  66.18  52.88  39.58  54.76  
CBAD  87.77  70.78  166.92 158.34 149.76 141.19 132.61 124.03 115.45 
ADCB  87.36  69.96  153.57 174.48 195.38 175.33 155.28 135.23 240.67 
DABC  123.26 156.14 151.10 115.27 192.21 208.72 109.29 127.36 137.86 
BADC  97.97  91.18  84.40  186.11 211.54 236.97 157.67 480.25 341.93 
DBAC  79.62  133.46 142.43 151.41 160.38 169.35 150.43 131.51 112.58 
