72.83
      8      9      10     11     12     13     14     15     16     
BADC  140.96 105.11 110.96 72.83  161.76 183.99 206.23 193.87 181.52 
ACDB  68.85  64.86  60.88  56.90  126.27 149.40 110.35 262.27 131.05 
BCDA  72.83  79.20  80.00  80.79  81.59  82.38  83.18  83.98  50.44  
BDAC  81.22  72.83  105.64 111.11 116.57 122.04 127.51 120.21 112.90 
CABD  69.41  65.98  62.56  59.13  55.71  52.28  48.86  45.44  42.01  
BACD  86.20  132.59 105.83 83.92  72.83  78.56  79.99  81.43  59.39  
ACBD  102.53 74.40  111.35 72.83  142.72 160.19 177.66 121.70 195.64 
DCBA  63.45  54.08  44.70  52.74  53.89  55.03  56.18  57.33  58.48  
CBDA  139.38 134.73 114.76 79.63  134.35 106.23 83.84  120.22 120.10 
BDCA  100.83 127.38 139.46 92.27  72.83  132.68 144.65 156.61 168.58 
BCAD  72.83  126.16 136.83 147.49 158.16 122.12 341.24 287.83 234.42 
DBCA  69.29  65.76  62.22  83.94  89.38  94.81  67.02  128.41 148.87 
CDAB  66.17  106.03 111.01 115.99 120.98 125.96 130.94 135.92 72.51  
CBAD  70.99  69.16  67.32  65.48  78.12  75.38  72.63  69.89  158.23 
ADCB  94.50  138.20 93.62  92.21  94.81  102.26 107.55 130.37 119.82 
CADB  79.64  83.93  120.42 123.76 72.83  142.62 160.07 177.52 144.28 
DCAB  94.68  129.99 72.83  153.45 164.97 176.48 188.00 199.52 211.04 
ABCD  85.80  72.83  111.27 118.96 126.65 134.33 117.68 101.03 84.38  
