134.70
      8      9      10     11     12     13     14     15     16     
ADCB  133.97 133.24 132.50 131.77 131.04 130.31 129.58 128.84 128.11 
BADC  119.04 103.39 87.73  72.08  125.12 135.73 146.34 156.94 116.77 
CADB  138.33 134.70 294.07 316.83 339.60 362.37 385.14 407.90 309.39 
CDAB  77.91  125.22 133.10 140.99 148.87 156.76 128.04 99.32  184.29 
ABCD  124.70 260.30 287.42 314.54 341.66 322.65 303.63 284.62 265.61 
CBDA  133.20 131.69 130.19 180.04 192.50 204.96 145.20 252.02 287.62 
DABC  122.62 110.54 98.46  86.38  74.30  165.70 183.98 202.26 220.54 
ACBD  130.44 126.18 121.92 117.66 113.39 109.13 104.87 100.61 96.35  
CBAD  118.85 103.00 87.16  171.23 188.05 204.86 221.67 168.33 212.13 
BCAD  208.76 214.11 210.62 134.70 162.31 166.91 171.52 176.12 180.72 
ACDB  163.85 134.70 163.28 166.85 170.42 173.99 177.57 181.14 184.71 
DBCA  132.89 131.07 129.26 127.44 125.63 216.36 246.61 240.83 235.04 
BACD  133.34 131.97 130.61 154.17 158.09 162.02 165.94 169.87 89.49  
